1000 1000 250 0 
r 0 0 350 150 250
r 100 100 350 150 200
r 200 200 350 150 150
r 300 300 350 150 100
d 400 400 100 50
d 500 500 100 0
d 600 600 100 206
d 700 700 100 156
r 100 100 100 156 108
r 100 100 350 150 200
r 200 200 350 150 150
r 300 300 350 150 100
d 400 400 100 50
d 500 500 100 0
d 600 600 100 206
d 700 700 100 156
r 100 100 100 156 108
r 100 100 350 150 200
r 200 200 350 150 150
r 300 300 350 150 100
d 400 400 100 50
d 500 500 100 0
d 600 600 100 206
d 700 700 100 156
r 100 100 100 156 108
